##############################################################################
# VRC4173 Companion Chip Register Dumps
# Source: BEDiag dumps from real Casio BE-300 hardware
# Capture condition: a CF memory card was inserted.  Values in the
# 0x0A001000 CF/PCMCIA companion page are inserted-card state and should
# not be used as no-card defaults without a separate no-card capture.
##############################################################################

--- Broad Scan of 0x0A00xxxx ---
--- Detailed Dump (PA: 0x0A001000) ---
--- Detailed Dump (PA: 0x0A008000) ---
--- Detailed Dump (PA: 0x0A00A000) ---
--- Detailed Dump (PA: 0x0A00D000) ---
--- PCI I/O Base (setup.c) (PA: 0x0A00C000) ---
--- VRC4173 Core (PA: 0x0A000000, Size: 0x100) ---
--- VRC4173 Video (PA: 0x0A002000, Size: 0x100) ---
--- VRC4173 Video (PA: 0x0A002000, Size: 0x200) ---

#-----------------------------------------------------------------------------
# Register / Memory Hex Dumps
#-----------------------------------------------------------------------------

# Core (0x0A000000-0x0A0000FF)
0x0A000000: 00000000 00000000 00000001 00000000
0x0A000010: 0000000C 0000000C 0000000C 00000000
0x0A000020: 0000000C 00000000 0000000C 0000000C
0x0A000030: 0000000C 0000003C 00000000 00000000
0x0A000040: 0000000C 00000000 00000000 00000000
0x0A000040: 0000003C 00000000 00000000 00000000
0x0A000080: 00000000 00000000 00000001 00000000
0x0A000090: 0000000C 0000000C 0000000C 00000000
0x0A0000A0: 0000000C 00000000 0000000C 0000000C
0x0A0000B0: 0000000C 0000003C 00000000 00000000
0x0A0000C0: 0000000C 00000000 00000000 00000000
0x0A0000C0: 0000003C 00000000 00000000 00000000

# Detailed 0x0A001000
0x0A001000: 00000004 00000000 00000004 00000000
0x0A001010: 0000000D 00000004 00000004 00000004
0x0A001020: 00000004 00000004 00000004 00000004
0x0A001030: 00000004 00000004 00000004 00000004
0x0A001050: 00000000 00000043 00000000 00000040
0x0A001060: 00000040 00000004 00000004 00000004
0x0A001070: 00000004 00000004 00000004 00000004
0x0A0010A0: 00000000 00000000 00000004 00000004
0x0A0010B0: 00000004 00000004 00000004 00000004
0x0A0010E0: 00000000 00000000 00000004 00000004
0x0A0010F0: 00000004 00000004 00000004 00000004
0x0A001100: 00000001 00000001 00000001 00000001
0x0A001110: 00000000 00000001 00000001 00000001
0x0A001120: 00000001 00000000 00000001 00000001
0x0A001130: 00000000 00000000 00000001 00000001
0x0A001140: 00000001 00000001 00000001 00000001
0x0A001150: 00000000 00000001 00000001 00000001
0x0A001160: 00000001 00000000 00000001 00000001
0x0A001170: 00000000 00000000 00000001 00000001
0x0A001180: 00000001 00000001 00000001 00000001
0x0A001190: 00000000 00000001 00000001 00000001
0x0A0011A0: 00000001 00000000 00000001 00000001
0x0A0011B0: 00000000 00000000 00000001 00000001
0x0A0011C0: 00000001 00000001 00000001 00000001
0x0A0011D0: 00000000 00000001 00000001 00000001
0x0A0011E0: 00000001 00000000 00000001 00000001
0x0A0011F0: 00000000 00000000 00000001 00000001
0x0A001200: 00000001 00000000 00000001 00000001
0x0A001210: 00000001 00000000 00000001 00000001
0x0A001220: 00000001 00000000 00000001 00000001
0x0A001230: 00000001 00000000 00000001 00000001
0x0A001240: 00000001 00000000 00000001 00000001
0x0A001250: 00000001 00000000 00000001 00000001
0x0A001260: 00000001 00000000 00000001 00000001
0x0A001270: 00000001 00000000 00000001 00000001
0x0A001280: 00000001 00000000 00000001 00000001
0x0A001290: 00000001 00000000 00000001 00000001
0x0A0012A0: 00000001 00000000 00000001 00000001
0x0A0012B0: 00000001 00000000 00000001 00000001
0x0A0012C0: 00000001 00000000 00000001 00000001
0x0A0012D0: 00000001 00000000 00000001 00000001
0x0A0012E0: 00000001 00000000 00000001 00000001
0x0A0012F0: 00000001 00000000 00000001 00000001
0x0A001300: 00000001 00000000 00000001 00000000
0x0A001310: 00000001 00000000 00000000 00000015
0x0A001310: 00000001 00000000 00000000 0000001C
0x0A001320: 00008040 00000000 00000001 0000001E
0x0A001320: 00009F80 00000000 00000001 0000001E
0x0A001330: 00000030 00000003 00000000 00000001
0x0A001340: 00000001 00000001 00000001 00000001
0x0A001350: 00000001 00000001 00000001 00000001
0x0A001370: 00000000 00000001 0000003F 00000001
0x0A001380: 00000001 00000001 00000001 00000001
0x0A001390: 00000001 00000001 00000001 00000001
0x0A0013A0: 00000001 00000001 00000001 00000001
0x0A0013B0: 00000001 00000001 00000001 00000001
0x0A0013C0: 00000001 00000001 00000001 00000001
0x0A0013D0: 00000001 00000001 00000001 00000001
0x0A0013E0: 00000001 00000001 00000001 00000001
0x0A0013F0: 00000001 00000001 00000001 00000001
0x0A001460: 00000000 0000004C 00000028 00000000
0x0A001470: 0000007D 00000038 00000009 000000FF
0x0A001480: 000000FF 000000FF 00000000 00000000
0x0A001490: 00000010 00000002 00000000 00000000
0x0A0014C0: 0000003E 000000D1 00000000 00000021
0x0A0014C0: 0000003E 000000D1 00000000 00000022
0x0A0014D0: 00000000 0000007E 00000000 00000000
0x0A001530: 00000008 00000001 00000000 00000012
0x0A001540: 00000001 00000000 00000001 000000FF
0x0A001550: 000000FF 000000FF 00000010 000000CF
0x0A001560: 00000007 00000002 00000020 00000000
0x0A001580: 00000001 00000009 00000002 00000027
0x0A001590: 00000000 00000001 00000001 00000000
0x0A0015A0: 00000040 00000001 00000009 00000004
0x0A0015B0: 00000000 00000000 00000003 000000FF
0x0A0015C0: 000000FF 000000FF 00000000 00000007
0x0A0015D0: 00000005 00000081 00000002 00000040
0x0A0015E0: 00000000 00000000 00000007 00000005
0x0A0015F0: 00000002 00000002 00000040 00000000
0x0A001600: 00000000 00000007 00000005 00000083
0x0A001610: 00000003 00000008 00000000 00000001
0x0A001800: 00000001 00000000 00000001 00000001
0x0A001810: 00000001 00000000 00000001 00000001
0x0A001820: 00000001 00000000 00000001 00000001
0x0A001830: 00000001 00000000 00000001 00000001
0x0A001840: 00000001 00000000 00000001 00000001
0x0A001850: 00000001 00000000 00000001 00000001
0x0A001850: 00000001 00000001 00000001 00000001
0x0A001860: 00000001 00000000 00000001 00000001
0x0A001870: 00000001 00000000 00000001 00000001
0x0A001880: 00000001 00000000 00000001 00000001
0x0A001890: 00000001 00000000 00000001 00000001
0x0A0018A0: 00000001 00000000 00000001 00000001
0x0A0018B0: 00000001 00000000 00000001 00000001
0x0A0018C0: 00000001 00000000 00000001 00000001
0x0A0018D0: 00000001 00000000 00000001 00000001
0x0A0018E0: 00000001 00000000 00000001 00000001
0x0A0018F0: 00000001 00000000 00000001 00000001
0x0A001900: 00000001 00000000 00000001 00000001
0x0A001910: 00000001 00000000 00000001 00000001
0x0A001910: 00000001 00000001 00000001 00000001
0x0A001920: 00000001 00000000 00000001 00000001
0x0A001930: 00000001 00000000 00000001 00000001
0x0A001940: 00000001 00000000 00000001 00000001
0x0A001950: 00000001 00000000 00000001 00000001
0x0A001960: 00000001 00000000 00000001 00000001
0x0A001970: 00000001 00000000 00000001 00000001
0x0A001980: 00000001 00000000 00000001 00000001
0x0A001990: 00000001 00000000 00000001 00000001
0x0A0019A0: 00000001 00000000 00000001 00000001
0x0A0019B0: 00000001 00000000 00000001 00000001
0x0A0019C0: 00000001 00000000 00000001 00000001
0x0A0019D0: 00000001 00000000 00000001 00000001
0x0A0019E0: 00000001 00000000 00000001 00000001
0x0A0019F0: 00000001 00000000 00000001 00000001
0x0A001A00: 00000001 00000000 00000001 00000001
0x0A001A10: 00000001 00000000 00000001 00000001
0x0A001A20: 00000001 00000000 00000001 00000001
0x0A001A30: 00000001 00000000 00000001 00000001
0x0A001A40: 00000001 00000000 00000001 00000001
0x0A001A50: 00000001 00000000 00000001 00000001
0x0A001A60: 00000001 00000000 00000001 00000001
0x0A001A70: 00000001 00000000 00000001 00000001
0x0A001A80: 00000001 00000000 00000001 00000001
0x0A001A80: 00000001 00000001 00000001 00000001
0x0A001A90: 00000001 00000000 00000001 00000001
0x0A001AA0: 00000001 00000000 00000001 00000001
0x0A001AB0: 00000001 00000000 00000001 00000001
0x0A001AC0: 00000001 00000000 00000001 00000001
0x0A001AD0: 00000001 00000000 00000001 00000001
0x0A001AE0: 00000001 00000000 00000001 00000001
0x0A001AF0: 00000001 00000000 00000001 00000001
0x0A001B10: 00000048 00000001 00000000 00000000
0x0A001B20: 00000001 00000000 00000000 00000001
0x0A001B30: 00000000 000000FF 00000000 00000000
0x0A001B50: 00000000 00000000 0000000F 00000000
0x0A001B60: 00000000 00000001 00000000 00000000
0x0A001B70: 00000000 00000004 00000000 00000000
0x0A001B90: 00000008 00000000 00000000 00000000
0x0A001C00: 00000000 00000100 00001000 00000000
0x0A001C10: 00000000 00000000 00000004 00000000
0x0A001C40: 00000000 00000100 00001000 00000000
0x0A001C50: 00000000 00000000 00000004 00000000
0x0A001C80: 00000000 00000100 00001000 00000000
0x0A001C90: 00000000 00000000 00000004 00000000
0x0A001CC0: 00000001 00000201 00001000 00000000
0x0A001CD0: 00000000 00000004 00000008 00052000
0x0A001D00: 00000001 00000000 00000001 00000001
0x0A001D10: 00000001 00000000 00000001 00000001
0x0A001D20: 00000001 00000000 00000001 00000001
0x0A001D30: 00000001 00000000 00000001 00000001
0x0A001D30: 00000001 00000001 00000001 00000001
0x0A001D40: 00000001 00000000 00000001 00000001
0x0A001D50: 00000001 00000000 00000001 00000001
0x0A001D60: 00000001 00000000 00000001 00000001
0x0A001D70: 00000001 00000000 00000001 00000001
0x0A001D80: 00000001 00000000 00000001 00000001
0x0A001D90: 00000001 00000000 00000001 00000001
0x0A001DA0: 00000001 00000000 00000001 00000001
0x0A001DB0: 00000001 00000000 00000001 00000001
0x0A001DC0: 00000001 00000000 00000001 00000001
0x0A001DD0: 00000001 00000000 00000001 00000001
0x0A001DD0: 00000001 00000001 00000001 00000001
0x0A001DE0: 00000001 00000000 00000001 00000001
0x0A001DE0: 00000001 00000001 00000001 00000001
0x0A001DF0: 00000001 00000000 00000001 00000001
0x0A001E00: 00000001 00000000 00000001 00000001
0x0A001E10: 00000001 00000000 00000001 00000001
0x0A001E20: 00000001 00000000 00000001 00000001
0x0A001E20: 00000001 00000001 00000001 00000001
0x0A001E30: 00000001 00000000 00000001 00000001
0x0A001E40: 00000001 00000000 00000001 00000001
0x0A001E50: 00000001 00000000 00000001 00000001
0x0A001E60: 00000001 00000000 00000001 00000001
0x0A001E70: 00000001 00000000 00000001 00000001
0x0A001E70: 00000001 00000001 00000001 00000001
0x0A001E80: 00000001 00000000 00000001 00000001
0x0A001E90: 00000001 00000000 00000001 00000001
0x0A001EA0: 00000001 00000000 00000001 00000001
0x0A001EA0: 00000001 00000001 00000001 00000001
0x0A001EB0: 00000001 00000000 00000001 00000001
0x0A001EC0: 00000001 00000000 00000001 00000001
0x0A001ED0: 00000001 00000000 00000001 00000001
0x0A001EE0: 00000001 00000000 00000001 00000001
0x0A001EF0: 00000001 00000000 00000001 00000001
0x0A001EF0: 00000001 00000001 00000001 00000001
0x0A001F00: 00000001 00000000 00000001 00000001
0x0A001F00: 00000001 00000001 00000001 00000001
0x0A001F10: 00000001 00000000 00000001 00000001
0x0A001F10: 00000001 00000001 00000001 00000001
0x0A001F20: 00000001 00000000 00000001 00000001
0x0A001F20: 00000001 00000001 00000001 00000001
0x0A001F30: 00000001 00000000 00000001 00000001
0x0A001F40: 00000001 00000000 00000001 00000001
0x0A001F40: 00000001 00000001 00000001 00000001
0x0A001F50: 00000001 00000000 00000001 00000001
0x0A001F60: 00000001 00000000 00000001 00000001
0x0A001F70: 00000001 00000000 00000001 00000001
0x0A001F80: 00000001 00000000 00000001 00000001
0x0A001F90: 00000001 00000000 00000001 00000001
0x0A001FA0: 00000001 00000000 00000001 00000001
0x0A001FB0: 00000001 00000000 00000001 00000001
0x0A001FC0: 00000001 00000000 00000001 00000001
0x0A001FD0: 00000001 00000000 00000001 00000001
0x0A001FE0: 00000001 00000000 00000001 00000001
0x0A001FF0: 00000001 00000000 00000001 00000001

# Video (0x0A002000-0x0A002FFF)
0x0A002000: 00000000 00000000 00000001 00000001
0x0A002010: 00000000 00000001 00000001 00000001
0x0A002020: 00000000 00000001 00000001 00000001
0x0A002030: 00000000 00000001 00000001 00000001
0x0A002040: 00000000 00000001 00000001 00000001
0x0A002050: 00000000 00000001 00000001 00000001
0x0A002050: 00000001 00000001 00000001 00000001
0x0A002060: 00000000 00000001 00000001 00000001
0x0A002060: 00000001 00000001 00000001 00000001
0x0A002070: 00000000 00000001 00000001 00000001
0x0A002080: 00000000 00000001 00000001 00000001
0x0A002090: 00000000 00000001 00000001 00000001
0x0A0020A0: 00000000 00000001 00000001 00000001
0x0A0020B0: 00000000 00000001 00000001 00000001
0x0A0020C0: 00000000 00000001 00000001 00000001
0x0A0020D0: 00000000 00000001 00000001 00000001
0x0A0020E0: 00000000 00000001 00000001 00000001
0x0A0020F0: 00000000 00000001 00000001 00000001
0x0A002100: 00000000 00000001 00000001 00000001
0x0A002110: 00000000 00000001 00000001 00000001
0x0A002120: 00000000 00000001 00000001 00000001
0x0A002130: 00000000 00000001 00000001 00000001
0x0A002140: 00000000 00000001 00000001 00000001
0x0A002150: 00000000 00000001 00000001 00000001
0x0A002160: 00000000 00000001 00000001 00000001
0x0A002170: 00000000 00000001 00000001 00000001
0x0A002180: 00000000 00000001 00000001 00000001
0x0A002190: 00000000 00000001 00000001 00000001
0x0A0021A0: 00000000 00000001 00000001 00000001
0x0A0021B0: 00000000 00000001 00000001 00000001
0x0A0021C0: 00000000 00000001 00000001 00000001
0x0A0021D0: 00000000 00000001 00000001 00000001
0x0A0021E0: 00000000 00000001 00000001 00000001
0x0A0021F0: 00000000 00000001 00000001 00000001
0x0A002200: 00000000 00000001 00000001 00000001
0x0A002210: 00000000 00000001 00000001 00000001
0x0A002220: 00000000 00000001 00000001 00000001
0x0A002230: 00000000 00000001 00000001 00000001
0x0A002240: 00000000 00000001 00000001 00000001
0x0A002250: 00000000 00000001 00000001 00000001
0x0A002260: 00000000 00000001 00000001 00000001
0x0A002270: 00000000 00000001 00000001 00000001
0x0A002280: 00000000 00000001 00000001 00000001
0x0A002290: 00000000 00000001 00000001 00000001
0x0A0022A0: 00000000 00000001 00000001 00000001
0x0A0022B0: 00000000 00000001 00000001 00000001
0x0A0022C0: 00000000 00000001 00000001 00000001
0x0A0022D0: 00000000 00000001 00000001 00000001
0x0A0022E0: 00000000 00000001 00000001 00000001
0x0A0022F0: 00000000 00000001 00000001 00000001
0x0A002300: 00000000 00000001 00000001 00000001
0x0A002310: 00000000 00000001 00000001 00000001
0x0A002320: 00000000 00000001 00000001 00000001
0x0A002330: 00000000 00000001 00000001 00000001
0x0A002340: 00000000 00000001 00000001 00000001
0x0A002350: 00000000 00000001 00000001 00000001
0x0A002360: 00000000 00000001 00000001 00000001
0x0A002370: 00000000 00000001 00000001 00000001
0x0A002380: 00000000 00000001 00000001 00000001
0x0A002390: 00000000 00000001 00000001 00000001
0x0A0023A0: 00000000 00000001 00000001 00000001
0x0A0023B0: 00000000 00000001 00000001 00000001
0x0A0023C0: 00000000 00000001 00000001 00000001
0x0A0023D0: 00000000 00000001 00000001 00000001
0x0A0023E0: 00000000 00000001 00000001 00000001
0x0A0023F0: 00000000 00000001 00000001 00000001
0x0A002400: 00000000 00000001 00000001 00000001
0x0A002410: 00000000 00000001 00000001 00000001
0x0A002420: 00000000 00000001 00000001 00000001
0x0A002430: 00000000 00000001 00000001 00000001
0x0A002440: 00000000 00000001 00000001 00000001
0x0A002450: 00000000 00000001 00000001 00000001
0x0A002460: 00000000 00000001 00000001 00000001
0x0A002470: 00000000 00000001 00000001 00000001
0x0A002480: 00000000 00000001 00000001 00000001
0x0A002490: 00000000 00000001 00000001 00000001
0x0A0024A0: 00000000 00000001 00000001 00000001
0x0A0024B0: 00000000 00000001 00000001 00000001
0x0A0024C0: 00000000 00000001 00000001 00000001
0x0A0024D0: 00000000 00000001 00000001 00000001
0x0A0024E0: 00000000 00000001 00000001 00000001
0x0A0024F0: 00000000 00000001 00000001 00000001
0x0A002500: 00000000 00000001 00000001 00000001
0x0A002510: 00000000 00000001 00000001 00000001
0x0A002520: 00000000 00000001 00000001 00000001
0x0A002530: 00000000 00000001 00000001 00000001
0x0A002540: 00000000 00000001 00000001 00000001
0x0A002550: 00000000 00000001 00000001 00000001
0x0A002560: 00000000 00000001 00000001 00000001
0x0A002570: 00000000 00000001 00000001 00000001
0x0A002580: 00000000 00000001 00000001 00000001
0x0A002590: 00000000 00000001 00000001 00000001
0x0A0025A0: 00000000 00000001 00000001 00000001
0x0A0025B0: 00000000 00000001 00000001 00000001
0x0A0025C0: 00000000 00000001 00000001 00000001
0x0A0025D0: 00000000 00000001 00000001 00000001
0x0A0025E0: 00000000 00000001 00000001 00000001
0x0A0025F0: 00000000 00000001 00000001 00000001
0x0A002600: 00000000 00000001 00000001 00000001
0x0A002610: 00000000 00000001 00000001 00000001
0x0A002620: 00000000 00000001 00000001 00000001
0x0A002630: 00000000 00000001 00000001 00000001
0x0A002640: 00000000 00000001 00000001 00000001
0x0A002650: 00000000 00000001 00000001 00000001
0x0A002660: 00000000 00000001 00000001 00000001
0x0A002670: 00000000 00000001 00000001 00000001
0x0A002680: 00000000 00000001 00000001 00000001
0x0A002690: 00000000 00000001 00000001 00000001
0x0A0026A0: 00000000 00000001 00000001 00000001
0x0A0026B0: 00000000 00000001 00000001 00000001
0x0A0026C0: 00000000 00000001 00000001 00000001
0x0A0026D0: 00000000 00000001 00000001 00000001
0x0A0026E0: 00000000 00000001 00000001 00000001
0x0A0026F0: 00000000 00000001 00000001 00000001
0x0A002700: 00000000 00000001 00000001 00000001
0x0A002710: 00000000 00000001 00000001 00000001
0x0A002720: 00000000 00000001 00000001 00000001
0x0A002730: 00000000 00000001 00000001 00000001
0x0A002740: 00000000 00000001 00000001 00000001
0x0A002750: 00000000 00000001 00000001 00000001
0x0A002760: 00000000 00000001 00000001 00000001
0x0A002770: 00000000 00000001 00000001 00000001
0x0A002780: 00000000 00000001 00000001 00000001
0x0A002790: 00000000 00000001 00000001 00000001
0x0A0027A0: 00000000 00000001 00000001 00000001
0x0A0027B0: 00000000 00000001 00000001 00000001
0x0A0027C0: 00000000 00000001 00000001 00000001
0x0A0027D0: 00000000 00000001 00000001 00000001
0x0A0027E0: 00000000 00000001 00000001 00000001
0x0A0027F0: 00000000 00000001 00000001 00000001
0x0A002800: 00000000 00000001 00000001 00000001
0x0A002810: 00000000 00000001 00000001 00000001
0x0A002820: 00000000 00000001 00000001 00000001
0x0A002830: 00000000 00000001 00000001 00000001
0x0A002840: 00000000 00000001 00000001 00000001
0x0A002850: 00000000 00000001 00000001 00000001
0x0A002860: 00000000 00000001 00000001 00000001
0x0A002870: 00000000 00000001 00000001 00000001
0x0A002880: 00000000 00000001 00000001 00000001
0x0A002890: 00000000 00000001 00000001 00000001
0x0A0028A0: 00000000 00000001 00000001 00000001
0x0A0028B0: 00000000 00000001 00000001 00000001
0x0A0028C0: 00000000 00000001 00000001 00000001
0x0A0028D0: 00000000 00000001 00000001 00000001
0x0A0028E0: 00000000 00000001 00000001 00000001
0x0A0028F0: 00000000 00000001 00000001 00000001
0x0A002900: 00000000 00000001 00000001 00000001
0x0A002900: 00000001 00000001 00000001 00000001
0x0A002910: 00000000 00000001 00000001 00000001
0x0A002920: 00000000 00000001 00000001 00000001
0x0A002930: 00000000 00000001 00000001 00000001
0x0A002940: 00000000 00000001 00000001 00000001
0x0A002950: 00000000 00000001 00000001 00000001
0x0A002960: 00000000 00000001 00000001 00000001
0x0A002970: 00000000 00000001 00000001 00000001
0x0A002980: 00000000 00000001 00000001 00000001
0x0A002990: 00000000 00000001 00000001 00000001
0x0A0029A0: 00000000 00000001 00000001 00000001
0x0A0029B0: 00000000 00000001 00000001 00000001
0x0A0029C0: 00000000 00000001 00000001 00000001
0x0A0029D0: 00000000 00000001 00000001 00000001
0x0A0029E0: 00000000 00000001 00000001 00000001
0x0A0029F0: 00000000 00000001 00000001 00000001
0x0A002A00: 00000000 00000001 00000001 00000001
0x0A002A10: 00000000 00000001 00000001 00000001
0x0A002A20: 00000000 00000001 00000001 00000001
0x0A002A30: 00000000 00000001 00000001 00000001
0x0A002A40: 00000000 00000001 00000001 00000001
0x0A002A50: 00000000 00000001 00000001 00000001
0x0A002A60: 00000000 00000001 00000001 00000001
0x0A002A70: 00000000 00000001 00000001 00000001
0x0A002A70: 00000001 00000001 00000001 00000001
0x0A002A80: 00000000 00000001 00000001 00000001
0x0A002A90: 00000000 00000001 00000001 00000001
0x0A002AA0: 00000000 00000001 00000001 00000001
0x0A002AB0: 00000000 00000001 00000001 00000001
0x0A002AC0: 00000000 00000001 00000001 00000001
0x0A002AD0: 00000000 00000001 00000001 00000001
0x0A002AE0: 00000000 00000001 00000001 00000001
0x0A002AF0: 00000000 00000001 00000001 00000001
0x0A002B00: 00000000 00000001 00000001 00000001
0x0A002B10: 00000000 00000001 00000001 00000001
0x0A002B20: 00000000 00000001 00000001 00000001
0x0A002B30: 00000000 00000001 00000001 00000001
0x0A002B40: 00000000 00000001 00000001 00000001
0x0A002B50: 00000000 00000001 00000001 00000001
0x0A002B60: 00000000 00000001 00000001 00000001
0x0A002B70: 00000000 00000001 00000001 00000001
0x0A002B80: 00000000 00000001 00000001 00000001
0x0A002B90: 00000000 00000001 00000001 00000001
0x0A002BA0: 00000000 00000001 00000001 00000001
0x0A002BB0: 00000000 00000001 00000001 00000001
0x0A002BC0: 00000000 00000001 00000001 00000001
0x0A002BD0: 00000000 00000001 00000001 00000001
0x0A002BE0: 00000000 00000001 00000001 00000001
0x0A002BE0: 00000001 00000001 00000001 00000001
0x0A002BF0: 00000000 00000001 00000001 00000001
0x0A002C00: 00000000 00000001 00000001 00000001
0x0A002C00: 00000001 00000001 00000001 00000001
0x0A002C10: 00000000 00000001 00000001 00000001
0x0A002C10: 00000001 00000001 00000001 00000001
0x0A002C20: 00000000 00000001 00000001 00000001
0x0A002C20: 00000001 00000001 00000001 00000001
0x0A002C30: 00000000 00000001 00000001 00000001
0x0A002C30: 00000001 00000001 00000001 00000001
0x0A002C40: 00000000 00000001 00000001 00000001
0x0A002C40: 00000001 00000001 00000001 00000001
0x0A002C50: 00000000 00000001 00000001 00000001
0x0A002C50: 00000001 00000001 00000001 00000001
0x0A002C60: 00000000 00000001 00000001 00000001
0x0A002C70: 00000000 00000001 00000001 00000001
0x0A002C80: 00000000 00000001 00000001 00000001
0x0A002C90: 00000000 00000001 00000001 00000001
0x0A002CA0: 00000000 00000001 00000001 00000001
0x0A002CB0: 00000000 00000001 00000001 00000001
0x0A002CC0: 00000000 00000001 00000001 00000001
0x0A002CD0: 00000000 00000001 00000001 00000001
0x0A002CE0: 00000000 00000001 00000001 00000001
0x0A002CF0: 00000000 00000001 00000001 00000001
0x0A002D00: 00000000 00000001 00000001 00000001
0x0A002D10: 00000000 00000001 00000001 00000001
0x0A002D20: 00000000 00000001 00000001 00000001
0x0A002D30: 00000000 00000001 00000001 00000001
0x0A002D40: 00000000 00000001 00000001 00000001
0x0A002D50: 00000000 00000001 00000001 00000001
0x0A002D60: 00000000 00000001 00000001 00000000
0x0A002D60: 00000000 00000001 00000001 00000001
0x0A002D70: 00000000 00000001 00000001 00000001
0x0A002D80: 00000000 00000001 00000001 00000001
0x0A002D90: 00000000 00000001 00000001 00000001
0x0A002DA0: 00000000 00000001 00000001 00000001
0x0A002DB0: 00000000 00000001 00000001 00000001
0x0A002DC0: 00000000 00000001 00000001 00000001
0x0A002DD0: 00000000 00000001 00000001 00000001
0x0A002DE0: 00000000 00000001 00000001 00000001
0x0A002DF0: 00000000 00000001 00000001 00000001
0x0A002E00: 00000000 00000001 00000001 00000001
0x0A002E10: 00000000 00000001 00000001 00000001
0x0A002E20: 00000000 00000001 00000001 00000001
0x0A002E30: 00000000 00000001 00000001 00000001
0x0A002E40: 00000000 00000001 00000001 00000001
0x0A002E50: 00000000 00000001 00000001 00000001
0x0A002E60: 00000000 00000001 00000001 00000001
0x0A002E70: 00000000 00000001 00000001 00000001
0x0A002E80: 00000000 00000001 00000001 00000001
0x0A002E90: 00000000 00000001 00000001 00000001
0x0A002EA0: 00000000 00000001 00000001 00000001
0x0A002EB0: 00000000 00000001 00000001 00000001
0x0A002EC0: 00000000 00000001 00000001 00000001
0x0A002ED0: 00000000 00000001 00000001 00000001
0x0A002EE0: 00000000 00000001 00000001 00000001
0x0A002EF0: 00000000 00000001 00000001 00000001
0x0A002F00: 00000000 00000001 00000001 00000001
0x0A002F10: 00000000 00000001 00000001 00000001
0x0A002F20: 00000000 00000001 00000001 00000001
0x0A002F30: 00000000 00000001 00000001 00000001
0x0A002F40: 00000000 00000001 00000001 00000001
0x0A002F50: 00000000 00000001 00000001 00000001
0x0A002F60: 00000000 00000001 00000001 00000001
0x0A002F70: 00000000 00000001 00000001 00000001
0x0A002F80: 00000000 00000001 00000001 00000001
0x0A002F90: 00000000 00000001 00000001 00000001
0x0A002FA0: 00000000 00000001 00000001 00000001
0x0A002FB0: 00000000 00000001 00000001 00000001
0x0A002FC0: 00000000 00000001 00000001 00000001
0x0A002FD0: 00000000 00000001 00000001 00000001
0x0A002FE0: 00000000 00000001 00000001 00000001
0x0A002FF0: 00000000 00000001 00000001 00000001

# GPIO (0x0A00A000-0x0A00AFFF)
0x0A00A000: 0000000B 00000004 000002F9 00000000
0x0A00A010: 00001073 00001061 000010B1 00000004
0x0A00A020: 00000078 00000040 00000000 00000000
0x0A00A030: 00000040 0000000C 00000000 00000000
0x0A00A040: 00009EFF 00000000 00000000 00000000
0x0A00A060: 000C000C 000C000C 000C000C 000C000C
0x0A00A070: 000C000C 000C000C 000C000C 000C000C
0x0A00A080: 00000000 00000001 00000000 00007100
0x0A00A090: 00007100 00007100 00007100 00007100
0x0A00A0A0: 00007100 00007100 00007100 00007100
0x0A00A0B0: 00007100 00007100 00007100 00007100
0x0A00A0C0: 00007100 00000003 0000FFFF 00000000
0x0A00A0D0: 00000002 00000000 00000000 00000005
0x0A00A0E0: 00000041 0000000F 00000000 00000000
0x0A00A0F0: 00000000 00007100 00007100 00007100
0x0A00A140: 00000001 00000000 00000000 00000000
0x0A00A190: 00000000 00000000 00000000 00000001
0x0A00A1A0: 00000001 00000001 00000000 00000000
0x0A00A1C0: 00000000 00000000 00000001 00000040
0x0A00A200: 00000001 00000001 00000001 00000000
0x0A00A210: 00000001 00000001 00000001 00000000
0x0A00A220: 00000001 00000001 00000001 00000000
0x0A00A230: 00000001 00000001 00000001 00000000
0x0A00A240: 00000001 00000001 00000001 00000000
0x0A00A250: 00000001 00000001 00000001 00000000
0x0A00A260: 00000001 00000001 00000001 00000000
0x0A00A270: 00000001 00000001 00000001 00000000
0x0A00A280: 00000001 00000001 00000001 00000000
0x0A00A290: 00000001 00000001 00000001 00000000
0x0A00A2A0: 00000001 00000001 00000001 00000000
0x0A00A2B0: 00000001 00000001 00000001 00000000
0x0A00A2C0: 00000001 00000001 00000001 00000000
0x0A00A2D0: 00000001 00000001 00000001 00000000
0x0A00A2E0: 00000001 00000001 00000001 00000000
0x0A00A2F0: 00000001 00000001 00000001 00000000
0x0A00A300: 00000001 00000001 00000001 00000000
0x0A00A310: 00000001 00000001 00000001 00000000
0x0A00A320: 00000001 00000001 00000001 00000000
0x0A00A330: 00000001 00000001 00000001 00000000
0x0A00A340: 00000001 00000001 00000001 00000000
0x0A00A350: 00000001 00000001 00000001 00000000
0x0A00A360: 00000001 00000001 00000001 00000000
0x0A00A370: 00000001 00000001 00000001 00000000
0x0A00A380: 00000001 00000001 00000001 00000000
0x0A00A390: 00000001 00000001 00000001 00000000
0x0A00A3A0: 00000001 00000001 00000001 00000000
0x0A00A3B0: 00000001 00000001 00000001 00000000
0x0A00A3C0: 00000001 00000001 00000001 00000000
0x0A00A3D0: 00000001 00000001 00000001 00000000
0x0A00A3E0: 00000001 00000001 00000001 00000000
0x0A00A3F0: 00000001 00000001 00000001 00000000
0x0A00A400: 00000001 00000000 00000001 00000001
0x0A00A410: 00000000 00000000 00000001 00000001
0x0A00A420: 00000000 00000001 00000001 00000001
0x0A00A430: 00000001 00000001 00000001 00000001
0x0A00A440: 00000001 00000070 00000000 00000001
0x0A00A450: 00000001 00000001 00000001 00000001
0x0A00A460: 00000000 00000001 000001D0 00000001
0x0A00A460: 00000000 00000001 000003AB 00000001
0x0A00A470: 00000001 00000001 00000001 00000001
0x0A00A490: 00000000 00000000 00000001 00000001
0x0A00A4B0: 00000001 00000001 00000001 00000001
0x0A00A4C0: 00000000 00000001 00000001 00000001
0x0A00A4D0: 00000001 00000001 00000001 00000001
0x0A00A4E0: 00000001 00000001 00000001 00000001
0x0A00A4F0: 00000001 00000001 00000001 00000001
0x0A00A500: 00000001 00000000 00000001 00000000
0x0A00A500: 00000001 00000001 00000001 00000000
0x0A00A500: 00000001 00000001 00000001 00000001
0x0A00A510: 00000001 00000001 00000001 00000000
0x0A00A510: 00000001 00000001 00000001 00000001
0x0A00A520: 00000001 00000001 00000001 00000000
0x0A00A520: 00000001 00000001 00000001 00000001
0x0A00A530: 00000001 00000001 00000001 00000000
0x0A00A540: 00000001 00000001 00000001 00000000
0x0A00A550: 00000001 00000001 00000001 00000000
0x0A00A560: 00000001 00000001 00000001 00000000
0x0A00A570: 00000000 00000001 00000001 00000000
0x0A00A570: 00000001 00000001 00000001 00000000
0x0A00A580: 00000001 00000001 00000001 00000000
0x0A00A590: 00000001 00000001 00000001 00000000
0x0A00A5A0: 00000001 00000001 00000001 00000000
0x0A00A5B0: 00000001 00000001 00000001 00000000
0x0A00A5C0: 00000001 00000001 00000001 00000000
0x0A00A5D0: 00000001 00000001 00000001 00000000
0x0A00A5E0: 00000001 00000001 00000001 00000000
0x0A00A5F0: 00000001 00000001 00000001 00000000
0x0A00A600: 00000001 00000001 00000001 00000000
0x0A00A600: 00000001 00000001 00000001 00000001
0x0A00A610: 00000001 00000001 00000001 00000000
0x0A00A610: 00000001 00000001 00000001 00000001
0x0A00A620: 00000001 00000001 00000001 00000000
0x0A00A630: 00000001 00000001 00000001 00000000
0x0A00A640: 00000001 00000001 00000001 00000000
0x0A00A650: 00000001 00000001 00000001 00000000
0x0A00A650: 00000001 00000001 00000001 00000001
0x0A00A660: 00000001 00000001 00000001 00000000
0x0A00A660: 00000001 00000001 00000001 00000001
0x0A00A670: 00000001 00000001 00000001 00000000
0x0A00A680: 00000001 00000001 00000001 00000000
0x0A00A690: 00000001 00000001 00000001 00000000
0x0A00A6A0: 00000001 00000001 00000001 00000000
0x0A00A6B0: 00000001 00000001 00000001 00000000
0x0A00A6C0: 00000001 00000001 00000001 00000000
0x0A00A6D0: 00000001 00000001 00000001 00000000
0x0A00A6E0: 00000001 00000001 00000001 00000000
0x0A00A6F0: 00000001 00000001 00000001 00000000
0x0A00A700: 00000001 00000001 00000001 00000000
0x0A00A710: 00000001 00000001 00000001 00000000
0x0A00A720: 00000001 00000001 00000001 00000000
0x0A00A730: 00000001 00000001 00000001 00000000
0x0A00A740: 00000001 00000001 00000001 00000000
0x0A00A750: 00000001 00000001 00000001 00000000
0x0A00A760: 00000001 00000001 00000001 00000000
0x0A00A770: 00000001 00000001 00000001 00000000
0x0A00A780: 00000001 00000001 00000001 00000000
0x0A00A790: 00000001 00000001 00000001 00000000
0x0A00A7A0: 00000001 00000001 00000001 00000000
0x0A00A7B0: 00000001 00000001 00000001 00000000
0x0A00A7C0: 00000001 00000001 00000001 00000000
0x0A00A7D0: 00000001 00000001 00000001 00000000
0x0A00A7E0: 00000001 00000001 00000001 00000000
0x0A00A7F0: 00000001 00000001 00000001 00000000
0x0A00A800: 00000001 00000001 00000001 00000000
0x0A00A810: 00000001 00000001 00000001 00000000
0x0A00A820: 00000001 00000001 00000001 00000000
0x0A00A830: 00000001 00000001 00000001 00000000
0x0A00A840: 00000001 00000001 00000001 00000000
0x0A00A850: 00000001 00000001 00000001 00000000
0x0A00A860: 00000001 00000001 00000001 00000000
0x0A00A870: 00000001 00000001 00000001 00000000
0x0A00A880: 00000001 00000001 00000001 00000000
0x0A00A890: 00000001 00000001 00000001 00000000
0x0A00A8A0: 00000001 00000001 00000001 00000000
0x0A00A8B0: 00000001 00000001 00000001 00000000
0x0A00A8C0: 00000001 00000001 00000001 00000000
0x0A00A8D0: 00000001 00000001 00000001 00000000
0x0A00A8E0: 00000001 00000001 00000001 00000000
0x0A00A8F0: 00000001 00000001 00000001 00000000
0x0A00A900: 00000001 00000001 00000001 00000000
0x0A00A910: 00000001 00000001 00000001 00000000
0x0A00A920: 00000001 00000001 00000001 00000000
0x0A00A930: 00000001 00000001 00000001 00000000
0x0A00A930: 00000001 00000001 00000001 00000001
0x0A00A940: 00000001 00000001 00000001 00000000
0x0A00A950: 00000001 00000001 00000001 00000000
0x0A00A960: 00000001 00000001 00000001 00000000
0x0A00A970: 00000001 00000001 00000001 00000000
0x0A00A980: 00000001 00000001 00000001 00000000
0x0A00A990: 00000001 00000001 00000001 00000000
0x0A00A9A0: 00000001 00000001 00000001 00000000
0x0A00A9B0: 00000001 00000001 00000001 00000000
0x0A00A9C0: 00000001 00000001 00000001 00000000
0x0A00A9C0: 00000001 00000001 00000001 00000001
0x0A00A9D0: 00000001 00000001 00000001 00000000
0x0A00A9E0: 00000001 00000001 00000001 00000000
0x0A00A9F0: 00000001 00000001 00000001 00000000
0x0A00A9F0: 00000001 00000001 00000001 00000001
0x0A00AA00: 00000001 00000001 00000001 00000000
0x0A00AA10: 00000001 00000001 00000001 00000000
0x0A00AA20: 00000001 00000001 00000001 00000000
0x0A00AA20: 00000001 00000001 00000001 00000001
0x0A00AA30: 00000001 00000001 00000001 00000000
0x0A00AA40: 00000001 00000001 00000001 00000000
0x0A00AA50: 00000001 00000001 00000001 00000000
0x0A00AA60: 00000001 00000001 00000001 00000000
0x0A00AA60: 00000001 00000001 00000001 00000001
0x0A00AA70: 00000001 00000001 00000001 00000000
0x0A00AA70: 00000001 00000001 00000001 00000001
0x0A00AA80: 00000001 00000001 00000001 00000000
0x0A00AA90: 00000001 00000001 00000001 00000000
0x0A00AA90: 00000001 00000001 00000001 00000001
0x0A00AAA0: 00000001 00000001 00000001 00000000
0x0A00AAA0: 00000001 00000001 00000001 00000001
0x0A00AAB0: 00000001 00000001 00000001 00000000
0x0A00AAB0: 00000001 00000001 00000001 00000001
0x0A00AAC0: 00000001 00000001 00000001 00000000
0x0A00AAC0: 00000001 00000001 00000001 00000001
0x0A00AAD0: 00000001 00000001 00000001 00000000
0x0A00AAE0: 00000001 00000001 00000001 00000000
0x0A00AAF0: 00000001 00000001 00000001 00000000
0x0A00AAF0: 00000001 00000001 00000001 00000001
0x0A00AB00: 00000001 00000001 00000001 00000000
0x0A00AB10: 00000001 00000001 00000001 00000000
0x0A00AB20: 00000001 00000001 00000001 00000000
0x0A00AB30: 00000001 00000001 00000001 00000000
0x0A00AB40: 00000001 00000001 00000001 00000000
0x0A00AB40: 00000001 00000001 00000001 00000001
0x0A00AB50: 00000001 00000001 00000001 00000000
0x0A00AB50: 00000001 00000001 00000001 00000001
0x0A00AB60: 00000001 00000001 00000001 00000000
0x0A00AB70: 00000001 00000001 00000001 00000000
0x0A00AB80: 00000001 00000001 00000001 00000000
0x0A00AB90: 00000001 00000001 00000001 00000000
0x0A00ABA0: 00000001 00000001 00000001 00000000
0x0A00ABB0: 00000001 00000001 00000001 00000000
0x0A00ABC0: 00000001 00000001 00000001 00000000
0x0A00ABD0: 00000001 00000001 00000001 00000000
0x0A00ABE0: 00000001 00000001 00000001 00000000
0x0A00ABF0: 00000001 00000001 00000001 00000000
0x0A00AC00: 00000001 00000001 00000001 00000000
0x0A00AC10: 00000001 00000001 00000001 00000000
0x0A00AC10: 00000001 00000001 00000001 00000001
0x0A00AC20: 00000001 00000001 00000000 00000000
0x0A00AC20: 00000001 00000001 00000001 00000000
0x0A00AC30: 00000001 00000001 00000001 00000000
0x0A00AC30: 00000001 00000001 00000001 00000001
0x0A00AC40: 00000001 00000001 00000001 00000000
0x0A00AC40: 00000001 00000001 00000001 00000001
0x0A00AC50: 00000001 00000001 00000001 00000000
0x0A00AC50: 00000001 00000001 00000001 00000001
0x0A00AC60: 00000001 00000001 00000001 00000000
0x0A00AC60: 00000001 00000001 00000001 00000001
0x0A00AC70: 00000001 00000001 00000001 00000000
0x0A00AC70: 00000001 00000001 00000001 00000001
0x0A00AC80: 00000001 00000001 00000001 00000000
0x0A00AC80: 00000001 00000001 00000001 00000001
0x0A00AC90: 00000001 00000001 00000001 00000000
0x0A00ACA0: 00000001 00000001 00000001 00000000
0x0A00ACB0: 00000001 00000001 00000001 00000000
0x0A00ACC0: 00000001 00000001 00000001 00000000
0x0A00ACD0: 00000001 00000001 00000001 00000000
0x0A00ACE0: 00000001 00000001 00000001 00000000
0x0A00ACF0: 00000001 00000001 00000001 00000000
0x0A00AD00: 00000001 00000001 00000001 00000000
0x0A00AD10: 00000001 00000001 00000001 00000000
0x0A00AD20: 00000001 00000001 00000001 00000000
0x0A00AD30: 00000001 00000001 00000001 00000000
0x0A00AD40: 00000001 00000001 00000001 00000000
0x0A00AD50: 00000001 00000001 00000001 00000000
0x0A00AD50: 00000001 00000001 00000001 00000001
0x0A00AD60: 00000001 00000001 00000001 00000000
0x0A00AD70: 00000001 00000001 00000001 00000000
0x0A00AD80: 00000001 00000001 00000001 00000000
0x0A00AD90: 00000001 00000001 00000001 00000000
0x0A00ADA0: 00000001 00000001 00000001 00000000
0x0A00ADB0: 00000001 00000001 00000001 00000000
0x0A00ADC0: 00000001 00000001 00000001 00000000
0x0A00ADD0: 00000001 00000001 00000001 00000000
0x0A00ADE0: 00000001 00000001 00000001 00000000
0x0A00ADF0: 00000001 00000001 00000001 00000000
0x0A00AE00: 00000001 00000001 00000001 00000000
0x0A00AE10: 00000001 00000001 00000000 00000000
0x0A00AE10: 00000001 00000001 00000001 00000000
0x0A00AE20: 00000001 00000001 00000001 00000000
0x0A00AE30: 00000001 00000001 00000001 00000000
0x0A00AE40: 00000001 00000001 00000001 00000000
0x0A00AE50: 00000001 00000001 00000001 00000000
0x0A00AE60: 00000001 00000001 00000001 00000000
0x0A00AE70: 00000001 00000001 00000001 00000000
0x0A00AE80: 00000001 00000001 00000001 00000000
0x0A00AE90: 00000001 00000001 00000001 00000000
0x0A00AEA0: 00000001 00000001 00000001 00000000
0x0A00AEB0: 00000001 00000001 00000001 00000000
0x0A00AEC0: 00000001 00000001 00000001 00000000
0x0A00AED0: 00000001 00000001 00000001 00000000
0x0A00AEE0: 00000001 00000001 00000001 00000000
0x0A00AEF0: 00000001 00000001 00000001 00000000
0x0A00AF00: 00000001 00000001 00000001 00000000
0x0A00AF10: 00000001 00000001 00000001 00000000
0x0A00AF20: 00000001 00000001 00000001 00000000
0x0A00AF30: 00000001 00000001 00000001 00000000
0x0A00AF40: 00000001 00000001 00000001 00000000
0x0A00AF50: 00000001 00000001 00000001 00000000
0x0A00AF60: 00000001 00000001 00000001 00000000
0x0A00AF70: 00000001 00000001 00000001 00000000
0x0A00AF80: 00000001 00000001 00000001 00000000
0x0A00AF90: 00000001 00000001 00000001 00000000
0x0A00AFA0: 00000001 00000001 00000001 00000000
0x0A00AFB0: 00000001 00000001 00000001 00000000
0x0A00AFC0: 00000001 00000001 00000001 00000000
0x0A00AFD0: 00000001 00000001 00000001 00000000
0x0A00AFE0: 00000001 00000001 00000001 00000000
0x0A00AFF0: 00000001 00000001 00000001 00000000

# PCI/NAND I/O (0x0A00C000-0x0A00CFFF)
0x0A00C170: C2080000 50E00113 00000000 00000000
0x0A00C170: E9084444 50E00114 00000000 00000000
0x0A00C370: 00000000 3E500000 00000000 00000000
0x0A00C570: C2080000 50E00113 00000000 00000000
0x0A00C570: E9084444 50E00114 00000000 00000000
0x0A00C770: 00000000 3E500000 00000000 00000000
0x0A00C970: C2080000 50E00113 00000000 00000000
0x0A00C970: E9084444 50E00114 00000000 00000000
0x0A00CB70: 00000000 3E500000 00000000 00000000
0x0A00CD70: C2080000 50E00113 00000000 00000000
0x0A00CD70: E9084444 50E00114 00000000 00000000
0x0A00CF70: 00000000 3E500000 00000000 00000000

# Broad Scan (short offsets)
0x000: 00000004 00000000 00000004 00000000 
0x000: 0000000B 00000004 000002F9 00000000 
0x000: 0000000C 100C4444 26721242 00000000 
0x000: 0000200C 00001100 00000000 00000000 
0x000: 00040001 007200DF 00FF0001 0004001C 
0x0000: 00000000 00000000 00000001 00000000 
0x0000: 00000000 3C1ABFC0 375A02F0 03400008 
0x0000: 00000004 00000000 00000000 00000307 
0x0000: 0000000C 100C4444 26721242 00000000 
0x0000: 00000070 0000AAE6 FFFF1118 00000E83 
0x0000: 10060400 00000000 00000148 00000002 
0x0000: 401A4000 AC08D888 AC1BD88C 001A45C2 
0x0010: 00000000 00000401 0000BFFF 00000000 
0x0010: 00000000 00000E83 00000001 00000000 
0x0010: 00000000 FFFFFFFF FFFFFFFF FFFFFFFF 
0x0010: 0000000C 0000000C 0000000C 00000000 
0x0010: 0000003C 0000000C 0000000C 00000000 
0x0010: 00005002 0883020C 00000000 00000000 
0x0010: 020003FF 000007FF 00000000 00000000 
0x0010: 07400018 310800FC 8D08D8C0 001ADB82 
0x010: 0000000C 00000002 00000000 00000000 
0x010: 0000000D 00000004 00000004 00000004 
0x010: 00001073 00001061 000010B1 00000004 
0x010: 00005002 0883020C 00000000 00000000 
0x010: 00D90003 00FF0001 00020018 000100DF 
0x0020: 00000001 00000000 00000000 00000000 
0x0020: 0000000C 00000000 0000000C 0000000C 
0x0020: 01FFF800 01FFF800 01FFF800 01FFF800 
0x0020: 337B07FC 011B4021 8D080000 001AD282 
0x0020: 4D011EF7 0000A5B3 00011C2F 00000000 
0x0020: FFFFFFFF FFFFFFFF FFFFFFFF FFFFFFFF 
0x020: 00000004 00000004 00000004 00000004 
0x020: 00000078 00000040 00000000 00000000 
0x020: 00040020 00000045 00040001 00170015 
0x020: 01FFF800 01FFF800 01FFF800 01FFF800 
0x0030: 0000000C 0000003C 00000000 00000000 
0x0030: 00000021 00000013 0000FFFF 00005A22 
0x0030: 00003800 00003800 00000000 00000000 
0x0030: 335A0038 0501000F 0348D021 8D1B0000 
0x0030: FFFFFFFF FFFFFFFF FFFFFFFF FFFFFFFF 
0x030: 00000004 00000004 00000004 00000004 
0x030: 00000040 0000000C 00000000 00000000 
0x030: 00003800 00003800 00000000 00000000 
0x030: 00010004 00610053 0044006E 00730069 
0x0040: 0000000C 00000000 00000000 00000000 
0x0040: 00010000 00000000 00000000 00000000 
0x0040: 00200010 0000067A 04B00002 00000000 
0x0040: 43454345 9FC02668 FFFFFFFF FFFFFFFF 
0x0040: 8C08D89C 0368D824 8F48000C 101B0009 
0x040: 0000000A 00000000 00000000 00000000 
0x040: 0000006B 00440053 00000050 002F0035 
0x040: 00009EFF 00000000 00000000 00000000 
0x040: 00010000 00000000 00000000 00000000 
0x0050: 8F5A0010 40881000 409A1800 8C08D888 
0x0050: FFFFFFFF FFFFFFFF FFFFFFFF FFFFFFFF 
0x050: 00000000 00000043 00000000 00000040 
0x050: 00200033 002E0030 00000036 008000FF 
0x0060: 09020902 09020902 09020902 09020902 
0x0060: 8C1BD88C 42000006 00000000 00000000 
0x0060: FFFFFFFF FFFFFFFF FFFFFFFF FFFFFFFF 
0x060: 00000040 00000004 00000004 00000004 
0x060: 000C000C 000C000C 000C000C 000C000C 
0x060: 00140003 00000008 00020021 00010004 
0x060: 09020902 09020902 09020902 09020902 
0x0070: 09020902 09020902 09020902 09020902 
0x0070: 42000018 8C1BD88C 08000060 8C08D888 
0x0070: FFFFFFFF FFFFFFFF FFFFFFFF FFFFFFFF 
0x070: 00000004 00000004 00000004 00000004 
0x070: 00020022 00010001 00030022 000C0002 
0x070: 000C000C 000C000C 000C000C 000C000C 
0x070: 09020902 09020902 09020902 09020902 
0x0080: 00000000 00000000 00000001 00000000 
0x0080: FFFFFFFF FFFFFFFF FFFFFFFF FFFFFFFF 
0x080: 00000000 00000001 00000000 00007100 
0x080: 00000004 00000000 00000000 00000307 
0x080: 001A000F 00010005 00000007 000F0002 
0x0090: 0000000C 0000000C 0000000C 00000000 
0x0090: FFFFFFFF FFFFFFFF FFFFFFFF FFFFFFFF 
0x090: 00000000 00000E83 00000001 00000000 
0x090: 00007100 00007100 00007100 00007100 
0x090: 000B001B 00C000C0 002700A1 004D0055 
0x00A0: 0000000C 00000000 0000000C 0000000C 
0x00A0: FFFFFFFF FFFFFFFF FFFFFFFF FFFFFFFF 
0x0A0: 00000000 00000000 00000004 00000004 
0x0A0: 00000001 00000000 00000000 00010000 
0x0A0: 00007100 00007100 00007100 00007100 
0x0A0: 0075005D 00000008 001B0021 00000006 
0x00B0: 0000000C 0000003C 00000000 00000000 
0x00B0: FFFFFFFF FFFFFFFF FFFFFFFF FFFFFFFF 
0x0B0: 00000004 00000004 00000004 00000004 
0x0B0: 00007100 00007100 00007100 00007100 
0x0B0: 00210001 001E00B5 001B004D 00C1000D 
0x00C0: 0000000C 00000000 00000000 00000000 
0x00C0: FFFFFFFF FFFFFFFF FFFFFFFF FFFFFFFF 
0x0C0: 00007100 00000003 0000FFFF 00000000 
0x0C0: 00990041 00550027 005D004D 00640075 
0x0C0: 10061400 00000000 00000148 00000002 
0x00D0: FFFFFFFF FFFFFFFF FFFFFFFF FFFFFFFF 
0x0D0: 00000002 00000000 00000000 00000005 
0x0D0: 00FF00F0 002100FF 0006001B 00010001 
0x0D0: 020003FF 000007FF 00000000 00000000 
0x00E0: FFFFFFFF FFFFFFFF FFFFFFFF FFFFFFFF 
0x0E0: 00000000 00000000 00000004 00000004 
0x0E0: 00000041 0000000F 00000000 00000000 
0x0E0: 00B50021 004D001E 0012001B 004100C2 
0x00F0: FFFFFFFF FFFFFFFF FFFFFFFF FFFFFFFF 
0x0F0: 00000000 00007100 00007100 00007100 
0x0F0: 00000004 00000004 00000004 00000004 
0x0F0: 00270099 004D0055 0075005D 006100EA 
0x0100: 00000000 00000000 0001000D 42000018 
0x100: 00000001 00000001 00000001 00000001 
0x100: 000100F0 00F60007 00010003 002100EE 
0x100: 5149BB10 0000A5B3 00011C2F 00000000 
0x110: 00000000 00000001 00000001 00000001 
0x110: 00000021 00000020 0000FFFF 0000B1D8 
0x110: 0006001B 00010002 00B50021 004D001E 
0x120: 00000001 00000000 00000001 00000001 
0x120: 0012001B 004100C3 00270099 004D0055 
0x130: 00000000 00000000 00000000 00060000 
0x130: 00000000 00000000 00000001 00000001 
0x130: 0075005D 006100EA 00010070 00760007 
0x140: 00000001 00000000 00000000 00000000 
0x140: 00000001 00000001 00000001 00000001 
0x140: 00000070 0000AAE2 FFFF115C 00000E83 
0x140: 00010003 002100EE 0006001B 00010003 
0x150: 00000000 00000001 00000001 00000001 
0x150: 00000000 00000401 0000BFFF 00000000 
0x150: 00B50021 004D001E 0004001B 00000007 
0x160: 00000001 00000000 00000001 00000001 
0x160: 00D30028 00000014 00FF00FF 00FF00FF 
0x170: 00000000 00000000 00000001 00000001 
0x170: 00FF00FF 00FF00FF 00FF00FF 00FF00FF 
0x170: C800D266 50E00000 00000000 00000000 
0x0180: 00000000 00000000 3C1A8008 375AB240 
0x180: 00000001 00000001 00000001 00000001 
0x180: 00200010 000014C8 04B00002 00000000 
0x180: 00FF00FF 00FF00FF 00FF00FF 00FF00FF 
0x0190: 03400008 00000000 00000000 00000000 
0x190: 00000000 00000000 00000000 00000001 
0x190: 00000000 00000001 00000001 00000001 
0x190: 00FF00FF 00FF00FF 00FF00FF 00FF00FF 
0x1A0: 00000001 00000000 00000001 00000001 
0x1A0: 00000001 00000001 00000000 00000000 
0x1A0: 00FF00FF 00FF00FF 00FF00FF 00FF00FF 
0x1B0: 00000000 00000000 00000001 00000001 
0x1B0: 00FF00FF 00FF00FF 00FF00FF 00FF00FF 
0x1C0: 00000000 00000000 00000001 00000040 
0x1C0: 00000001 00000001 00000001 00000001 
0x1C0: 00FF00FF 00FF00FF 00FF00FF 00FF00FF 
0x1D0: 00000000 00000001 00000001 00000001 
0x1D0: 00FF00FF 00FF00FF 00FF00FF 00FF00FF 
0x1E0: 00000001 00000000 00000001 00000001 
0x1E0: 00FF00FF 00FF00FF 00FF00FF 00FF00FF 
0x1E0: 01FFF800 01FFF800 0A000000 0A000000 
0x1F0: 00000000 00000000 00000001 00000001 
0x1F0: 00FF00FF 00FF00FF 00FF00FF 00FF00FF 

# Other 0x0A00xxxx
0x0A000100: 00000000 00000001 00000001 00000001
0x0A000110: 00000000 00000001 00000001 00000001
0x0A000120: 00000000 00000001 00000001 00000001
0x0A000130: 00000000 00000001 00000001 00000001
0x0A000140: 00000000 00000001 00000001 00000001
0x0A000150: 00000000 00000001 00000001 00000001
0x0A000160: 00000000 00000001 00000001 00000001
0x0A000170: 00000000 00000001 00000001 00000001
0x0A000180: 00000000 00000001 00000001 00000001
0x0A000190: 00000000 00000001 00000001 00000001
0x0A0001A0: 00000000 00000001 00000001 00000001
0x0A0001B0: 00000000 00000001 00000001 00000001
0x0A0001C0: 00000000 00000001 00000001 00000001
0x0A0001D0: 00000000 00000001 00000001 00000001
0x0A0001E0: 00000000 00000001 00000001 00000001
0x0A0001F0: 00000000 00000001 00000001 00000001
0x0A000200: 00000000 0000AD55 000000CF 00000006
0x0A000200: 00000002 00000000 00000004 00000009
0x0A000210: 00001234 00000000 00000000 00000000
0x0A000210: 0000B414 00000000 00000000 00000000
0x0A000220: 000001E0 00000000 00000000 00000000
0x0A000230: 00000000 00000000 00000001 00000000
0x0A000300: 00001304 0000DD00 000005DC 000000C8
0x0A000310: 00000032 00000000 00000001 00000000
0x0A000320: 00000526 00000762 00000837 00000825
0x0A000320: 00000ADC 000004F8 000003EF 0000042D
0x0A000390: 00000E0E 00000000 0000DD00 0000DD00
0x0A000390: 00000E22 00000000 0000DD00 0000DD00
0x0A0003A0: 00000000 00000000 00000002 0000DD00
0x0A0003B0: 0000DD00 0000DD00 0000DD00 0000DD00
0x0A0003C0: 0000D007 00000001 00000003 00000000
0x0A0003D0: 00000000 00070000 00000000 00000000
0x0A0003F0: 00000000 00000007 00000000 00000000
0x0A000400: 00000000 00000001 00000001 00000001
0x0A000410: 00000000 00000001 00000001 00000001
0x0A000420: 00000000 00000001 00000001 00000001
0x0A000430: 00000000 00000001 00000001 00000001
0x0A000440: 00000000 00000001 00000001 00000001
0x0A000450: 00000000 00000001 00000001 00000001
0x0A000460: 00000000 00000001 00000001 00000001
0x0A000470: 00000000 00000001 00000001 00000001
0x0A000480: 00000000 00000001 00000001 00000001
0x0A000490: 00000000 00000001 00000001 00000001
0x0A0004A0: 00000000 00000001 00000001 00000001
0x0A0004B0: 00000000 00000001 00000001 00000001
0x0A0004C0: 00000000 00000001 00000001 00000001
0x0A0004D0: 00000000 00000001 00000001 00000001
0x0A0004E0: 00000000 00000001 00000001 00000001
0x0A0004F0: 00000000 00000001 00000001 00000001
0x0A000500: 00000000 00000001 00000001 00000001
0x0A000510: 00000000 00000001 00000001 00000001
0x0A000520: 00000000 00000001 00000001 00000001
0x0A000530: 00000000 00000001 00000001 00000001
0x0A000540: 00000000 00000001 00000001 00000001
0x0A000550: 00000000 00000001 00000001 00000001
0x0A000560: 00000000 00000001 00000001 00000001
0x0A000570: 00000000 00000001 00000001 00000001
0x0A000580: 00000000 00000001 00000001 00000001
0x0A000590: 00000000 00000001 00000001 00000001
0x0A0005A0: 00000000 00000001 00000001 00000001
0x0A0005B0: 00000000 00000001 00000001 00000001
0x0A0005C0: 00000000 00000001 00000001 00000001
0x0A0005D0: 00000000 00000001 00000001 00000001
0x0A0005E0: 00000000 00000001 00000001 00000001
0x0A0005F0: 00000000 00000001 00000001 00000001
0x0A000600: 00000000 00000001 00000001 00000001
0x0A000610: 00000000 00000001 00000001 00000001
0x0A000620: 00000000 00000001 00000001 00000001
0x0A000630: 00000000 00000001 00000001 00000001
0x0A000640: 00000000 00000001 00000001 00000001
0x0A000650: 00000000 00000001 00000001 00000001
0x0A000660: 00000000 00000001 00000001 00000001
0x0A000670: 00000000 00000001 00000001 00000001
0x0A000680: 00000000 00000001 00000001 00000001
0x0A000690: 00000000 00000001 00000001 00000001
0x0A0006A0: 00000000 00000001 00000001 00000001
0x0A0006B0: 00000000 00000001 00000001 00000001
0x0A0006C0: 00000000 00000001 00000001 00000001
0x0A0006D0: 00000000 00000001 00000001 00000001
0x0A0006E0: 00000000 00000001 00000001 00000001
0x0A0006F0: 00000000 00000001 00000001 00000001
0x0A000700: 00000000 00000001 00000001 00000001
0x0A000710: 00000000 00000001 00000001 00000001
0x0A000720: 00000000 00000001 00000001 00000001
0x0A000730: 00000000 00000001 00000001 00000001
0x0A000740: 00000000 00000001 00000001 00000001
0x0A000750: 00000000 00000001 00000001 00000001
0x0A000760: 00000000 00000001 00000001 00000001
0x0A000770: 00000000 00000001 00000001 00000001
0x0A000780: 00000000 00000001 00000001 00000001
0x0A000790: 00000000 00000001 00000001 00000001
0x0A0007A0: 00000000 00000001 00000001 00000001
0x0A0007B0: 00000000 00000000 00000001 00000001
0x0A0007B0: 00000000 00000001 00000001 00000001
0x0A0007C0: 00000000 00000001 00000001 00000001
0x0A0007D0: 00000000 00000001 00000001 00000001
0x0A0007E0: 00000000 00000001 00000001 00000001
0x0A0007F0: 00000000 00000001 00000001 00000001
0x0A000800: 00000000 00000001 00000001 00000001
0x0A000810: 00000000 00000001 00000001 00000001
0x0A000820: 00000000 00000001 00000001 00000001
0x0A000830: 00000000 00000001 00000001 00000001
0x0A000840: 00000000 00000001 00000001 00000000
0x0A000840: 00000000 00000001 00000001 00000001
0x0A000850: 00000000 00000001 00000001 00000001
0x0A000860: 00000000 00000001 00000001 00000001
0x0A000870: 00000000 00000001 00000001 00000001
0x0A000880: 00000004 00000001 00000003 00000001
0x0A000880: 00000014 00000001 00000003 00000001
0x0A000890: 00000000 00000088 00000000 00000000
0x0A0008A0: 00000000 00000000 00000000 00000004
0x0A0008B0: 0004D000 0004D5FC 0004D000 0004D5FC
0x0A0008C0: 00000001 00000000 00000001 00000001
0x0A0008C0: 00000001 00000001 00000001 00000001
0x0A000900: 00000000 00000001 00000001 00000001
0x0A000910: 00000000 00000001 00000001 00000001
0x0A000920: 00000000 00000001 00000001 00000001
0x0A000930: 00000000 00000001 00000001 00000001
0x0A000940: 00000000 00000001 00000001 00000001
0x0A000950: 00000000 00000001 00000001 00000001
0x0A000950: 00000001 00000001 00000001 00000001
0x0A000960: 00000000 00000001 00000001 00000001
0x0A000970: 00000000 00000001 00000001 00000001
0x0A000980: 00000001 00000202 00000F70 00000000
0x0A000A00: 00000000 00000001 00000018 00000000
0x0A000A10: 00005A00 00027D7C 00000000 00014000
0x0A000A80: 00000000 00000001 00000001 00000001
0x0A000A90: 00000000 00000001 00000001 00000001
0x0A000AA0: 00000000 00000001 00000001 00000001
0x0A000AB0: 00000000 00000001 00000001 00000001
0x0A000AC0: 00000000 00000001 00000001 00000001
0x0A000AC0: 00000001 00000001 00000001 00000001
0x0A000AD0: 00000000 00000001 00000001 00000001
0x0A000AE0: 00000000 00000001 00000001 00000001
0x0A000AF0: 00000000 00000001 00000001 00000001
0x0A000B00: 00000000 00000001 00000001 00000001
0x0A000B10: 00000000 00000001 00000001 00000001
0x0A000B20: 00000000 00000001 00000001 00000001
0x0A000B30: 00000000 00000001 00000001 00000001
0x0A000B40: 00000000 00000001 00000001 00000001
0x0A000B50: 00000000 00000001 00000001 00000001
0x0A000B60: 00000000 00000001 00000001 00000001
0x0A000B70: 00000000 00000001 00000001 00000001
0x0A000B80: 00000000 00000001 00000001 00000001
0x0A000B90: 00000000 00000001 00000001 00000001
0x0A000BA0: 00000000 00000001 00000001 00000001
0x0A000BB0: 00000000 00000001 00000001 00000001
0x0A000BC0: 00000000 00000001 00000001 00000001
0x0A000BD0: 00000000 00000001 00000001 00000001
0x0A000BE0: 00000000 00000001 00000001 00000001
0x0A000BF0: 00000000 00000001 00000000 00000001
0x0A000BF0: 00000000 00000001 00000001 00000001
0x0A000C00: 00000020 00000002 00000050 000000F1
0x0A000C10: 00000002 00000000 00000000 00000000
0x0A000C20: 00000000 00000014 00000000 00000001
0x0A000C30: 0000E000 000001FF 00000000 00001F1F
0x0A000C30: 0000E000 000001FF 00000001 00001F1F
0x0A000C30: 0000E000 000001FF 00000005 00001F1F
0x0A000C30: 0000E000 000001FF 0000000A 00001F1F
0x0A000C30: 0000E000 000001FF 0000000C 00001F1F
0x0A000C30: 0000E000 000001FF 00000011 00001F1F
0x0A000C30: 0000E000 000001FF 00000014 00001F1F
0x0A000C30: 0000E000 000001FF 0000001A 00001F1F
0x0A000C30: 0000E000 000001FF 00000020 00001F1F
0x0A000C30: 0000E000 000001FF 00000027 00001F1F
0x0A000C30: 0000E000 000001FF 00000032 00001F1F
0x0A000C30: 0000E000 000001FF 00000035 00001F1F
0x0A000C30: 0000E000 000001FF 00000037 00001F1F
0x0A000C30: 0000E000 000001FF 0000003D 00001F1F
0x0A000C30: 0000E000 000001FF 0000003F 00001F1F
0x0A000C30: 0000E000 000001FF 00000043 00001F1F
0x0A000C30: 0000E000 000001FF 00000047 00001F1F
0x0A000C30: 0000E000 000001FF 00000049 00001F1F
0x0A000C30: 0000E000 000001FF 0000004A 00001F1F
0x0A000C30: 0000E000 000001FF 0000004D 00001F1F
0x0A000C30: 0000E000 000001FF 0000004E 00001F1F
0x0A000C30: 0000E000 000001FF 00000050 00001F1F
0x0A000C30: 0000E000 000001FF 00000051 00001F1F
0x0A000C30: 0000E000 000001FF 00000054 00001F1F
0x0A000C30: 0000E000 000001FF 00000056 00001F1F
0x0A000C30: 0000E000 000001FF 00000057 00001F1F
0x0A000C30: 0000E000 000001FF 0000005E 00001F1F
0x0A000C30: 0000E000 000001FF 0000005F 00001F1F
0x0A000C30: 0000E000 000001FF 00000061 00001F1F
0x0A000C30: 0000E000 000001FF 00000063 00001F1F
0x0A000C30: 0000E000 000001FF 0000006C 00001F1F
0x0A000C30: 0000E000 000001FF 0000006F 00001F1F
0x0A000C30: 0000E000 000001FF 00000071 00001F1F
0x0A000C30: 0000E000 000001FF 00000072 00001F1F
0x0A000C30: 0000E000 000001FF 00000077 00001F1F
0x0A000C30: 0000E000 000001FF 0000007C 00001F1F
0x0A000C30: 0000E000 000001FF 00000084 00001F1F
0x0A000C30: 0000E000 000001FF 00000086 00001F1F
0x0A000C30: 0000E000 000001FF 0000008D 00001F1F
0x0A000C30: 0000E000 000001FF 0000008E 00001F1F
0x0A000C30: 0000E000 000001FF 00000094 00001F1F
0x0A000C30: 0000E000 000001FF 00000095 00001F1F
0x0A000C30: 0000E000 000001FF 00000097 00001F1F
0x0A000C30: 0000E000 000001FF 00000098 00001F1F
0x0A000C30: 0000E000 000001FF 0000009A 00001F1F
0x0A000C30: 0000E000 000001FF 0000009D 00001F1F
0x0A000C30: 0000E000 000001FF 000000AF 00001F1F
0x0A000C30: 0000E000 000001FF 000000B3 00001F1F
0x0A000C30: 0000E000 000001FF 000000BB 00001F1F
0x0A000C30: 0000E000 000001FF 000000BD 00001F1F
0x0A000C30: 0000E000 000001FF 000000C8 00001F1F
0x0A000C30: 0000E000 000001FF 000000CC 00001F1F
0x0A000C30: 0000E000 000001FF 000000CE 00001F1F
0x0A000C30: 0000E000 000001FF 000000D3 00001F1F
0x0A000C30: 0000E000 000001FF 000000D6 00001F1F
0x0A000C30: 0000E000 000001FF 000000D7 00001F1F
0x0A000C30: 0000E000 000001FF 000000D8 00001F1F
0x0A000C30: 0000E000 000001FF 000000E5 00001F1F
0x0A000C30: 0000E000 000001FF 000000EA 00001F1F
0x0A000C30: 0000E000 000001FF 000000ED 00001F1F
0x0A000C30: 0000E000 000001FF 000000F0 00001F1F
0x0A000C40: 00000500 00000000 0000030F 00000000
0x0A000E40: 00000000 00000000 00000808 00000000
0x0A000E50: 00004202 00000207 00000842 00004202
0x0A000E60: 00000209 00000A42 00004202 00000247
0x0A000E70: 00004842 00004202 00000249 00004A42
0x0A000E80: 00004404 00004404 00000504 00000545
0x0A000E90: 00000545 00004606 00004606 00000006
0x0A000EA0: 00000201 00000503 00000807 00000B0A
0x0A000EB0: 00000E0C 00001110 00001413 00001615
0x0A000EC0: 00001817 00001B1A 00001F1D 00002120
0x0A000ED0: 00002423 00002726 00002A29 00000000
